+----------------------+---------------------+------+------+----------+---------+-----------+----------+---------+---------+----------+---------+-----------+----------+---------+---------+-------+
| Joint Name           | Type                |   Kp |   Kd |     Soft |     Dmp |       Arm |     Fric |   Joint |   Joint |     Ctrl |    Ctrl |     Force |    Force |   Force |   Joint |   DOF |
|                      |                     |      |      |   Torque |         |           |          |   Limit |   Limit |      Min |     Max |   Limited |      Min |     Max |     Idx |   Idx |
|                      |                     |      |      |    Limit |         |           |          |     Min |     Max |          |         |           |          |         |         |       |
+======================+=====================+======+======+==========+=========+===========+==========+=========+=========+==========+=========+===========+==========+=========+=========+=======+
| left_ankle_pitch     | feetech_sts3250     |   22 |   12 |  8.71613 |  1.3464 | 0.0399998 | 0.199995 |  -1.571 |   0.611 | -8.71613 | 8.71613 |         1 | -8.71613 | 8.71613 |      11 |    16 |
+----------------------+---------------------+------+------+----------+---------+-----------+----------+---------+---------+----------+---------+-----------+----------+---------+---------+-------+
| left_ankle_roll      | feetech_sts3250     |   22 |   12 |  8.71613 |  1.3464 | 0.0399998 | 0.199995 |  -0.524 |   0.524 | -8.71613 | 8.71613 |         1 | -8.71613 | 8.71613 |      12 |    17 |
+----------------------+---------------------+------+------+----------+---------+-----------+----------+---------+---------+----------+---------+-----------+----------+---------+---------+-------+
| left_elbow_roll      | feetech_sts3215_12v |   16 |    3 |  5.46609 | 1.23051 |      0.04 | 0.161972 |  -1.396 |   1.571 | -5.46609 | 5.46609 |         1 | -5.46609 | 5.46609 |      15 |    20 |
+----------------------+---------------------+------+------+----------+---------+-----------+----------+---------+---------+----------+---------+-----------+----------+---------+---------+-------+
| left_gripper_roll    | feetech_sts3215_12v |   16 |    3 |  5.46609 | 1.23051 |      0.04 | 0.161972 |  -0.489 |   0.663 | -5.46609 | 5.46609 |         1 | -5.46609 | 5.46609 |      16 |    21 |
+----------------------+---------------------+------+------+----------+---------+-----------+----------+---------+---------+----------+---------+-----------+----------+---------+---------+-------+
| left_hip_pitch       | feetech_sts3250     |   22 |   12 |  8.71613 |  1.3464 | 0.0399998 | 0.199995 |  -2.234 |   0.873 | -8.71613 | 8.71613 |         1 | -8.71613 | 8.71613 |       9 |    14 |
+----------------------+---------------------+------+------+----------+---------+-----------+----------+---------+---------+----------+---------+-----------+----------+---------+---------+-------+
| left_hip_roll        | feetech_sts3250     |   22 |   12 |  8.71613 |  1.3464 | 0.0399998 | 0.199995 |  -0.611 |   0.611 | -8.71613 | 8.71613 |         1 | -8.71613 | 8.71613 |       8 |    13 |
+----------------------+---------------------+------+------+----------+---------+-----------+----------+---------+---------+----------+---------+-----------+----------+---------+---------+-------+
| left_hip_yaw         | feetech_sts3250     |   22 |   12 |  8.71613 |  1.3464 | 0.0399998 | 0.199995 |  -1.571 |   1.571 | -8.71613 | 8.71613 |         1 | -8.71613 | 8.71613 |       7 |    12 |
+----------------------+---------------------+------+------+----------+---------+-----------+----------+---------+---------+----------+---------+-----------+----------+---------+---------+-------+
| left_knee_pitch      | feetech_sts3250     |   22 |   12 |  8.71613 |  1.3464 | 0.0399998 | 0.199995 |  -2.269 |   1.745 | -8.71613 | 8.71613 |         1 | -8.71613 | 8.71613 |      10 |    15 |
+----------------------+---------------------+------+------+----------+---------+-----------+----------+---------+---------+----------+---------+-----------+----------+---------+---------+-------+
| left_shoulder_pitch  | feetech_sts3250     |   16 |    3 |  8.71613 |  1.3464 | 0.0399998 | 0.199995 |  -1.571 |   3.142 | -8.71613 | 8.71613 |         1 | -8.71613 | 8.71613 |      13 |    18 |
+----------------------+---------------------+------+------+----------+---------+-----------+----------+---------+---------+----------+---------+-----------+----------+---------+---------+-------+
| left_shoulder_roll   | feetech_sts3250     |   16 |    3 |  8.71613 |  1.3464 | 0.0399998 | 0.199995 |  -0.349 |   3.316 | -8.71613 | 8.71613 |         1 | -8.71613 | 8.71613 |      14 |    19 |
+----------------------+---------------------+------+------+----------+---------+-----------+----------+---------+---------+----------+---------+-----------+----------+---------+---------+-------+
| right_ankle_pitch    | feetech_sts3250     |   22 |   12 |  8.71613 |  1.3464 | 0.0399998 | 0.199995 |  -1.571 |   0.611 | -8.71613 | 8.71613 |         1 | -8.71613 | 8.71613 |       5 |    10 |
+----------------------+---------------------+------+------+----------+---------+-----------+----------+---------+---------+----------+---------+-----------+----------+---------+---------+-------+
| right_ankle_roll     | feetech_sts3250     |   22 |   12 |  8.71613 |  1.3464 | 0.0399998 | 0.199995 |  -0.524 |   0.524 | -8.71613 | 8.71613 |         1 | -8.71613 | 8.71613 |       6 |    11 |
+----------------------+---------------------+------+------+----------+---------+-----------+----------+---------+---------+----------+---------+-----------+----------+---------+---------+-------+
| right_elbow_roll     | feetech_sts3215_12v |   16 |    3 |  5.46609 | 1.23051 |      0.04 | 0.161972 |  -1.571 |   1.396 | -5.46609 | 5.46609 |         1 | -5.46609 | 5.46609 |      19 |    24 |
+----------------------+---------------------+------+------+----------+---------+-----------+----------+---------+---------+----------+---------+-----------+----------+---------+---------+-------+
| right_gripper_roll   | feetech_sts3215_12v |   16 |    3 |  5.46609 | 1.23051 |      0.04 | 0.161972 |  -0.663 |   0.489 | -5.46609 | 5.46609 |         1 | -5.46609 | 5.46609 |      20 |    25 |
+----------------------+---------------------+------+------+----------+---------+-----------+----------+---------+---------+----------+---------+-----------+----------+---------+---------+-------+
| right_hip_pitch      | feetech_sts3250     |   22 |   12 |  8.71613 |  1.3464 | 0.0399998 | 0.199995 |  -2.234 |   0.873 | -8.71613 | 8.71613 |         1 | -8.71613 | 8.71613 |       3 |     8 |
+----------------------+---------------------+------+------+----------+---------+-----------+----------+---------+---------+----------+---------+-----------+----------+---------+---------+-------+
| right_hip_roll       | feetech_sts3250     |   22 |   12 |  8.71613 |  1.3464 | 0.0399998 | 0.199995 |  -0.611 |   0.611 | -8.71613 | 8.71613 |         1 | -8.71613 | 8.71613 |       2 |     7 |
+----------------------+---------------------+------+------+----------+---------+-----------+----------+---------+---------+----------+---------+-----------+----------+---------+---------+-------+
| right_hip_yaw        | feetech_sts3250     |   22 |   12 |  8.71613 |  1.3464 | 0.0399998 | 0.199995 |  -1.571 |   1.571 | -8.71613 | 8.71613 |         1 | -8.71613 | 8.71613 |       1 |     6 |
+----------------------+---------------------+------+------+----------+---------+-----------+----------+---------+---------+----------+---------+-----------+----------+---------+---------+-------+
| right_knee_pitch     | feetech_sts3250     |   22 |   12 |  8.71613 |  1.3464 | 0.0399998 | 0.199995 |  -2.269 |   1.745 | -8.71613 | 8.71613 |         1 | -8.71613 | 8.71613 |       4 |     9 |
+----------------------+---------------------+------+------+----------+---------+-----------+----------+---------+---------+----------+---------+-----------+----------+---------+---------+-------+
| right_shoulder_pitch | feetech_sts3250     |   16 |    3 |  8.71613 |  1.3464 | 0.0399998 | 0.199995 |  -3.142 |   1.571 | -8.71613 | 8.71613 |         1 | -8.71613 | 8.71613 |      17 |    22 |
+----------------------+---------------------+------+------+----------+---------+-----------+----------+---------+---------+----------+---------+-----------+----------+---------+---------+-------+
| right_shoulder_roll  | feetech_sts3250     |   16 |    3 |  8.71613 |  1.3464 | 0.0399998 | 0.199995 |  -3.316 |   0.349 | -8.71613 | 8.71613 |         1 | -8.71613 | 8.71613 |      18 |    23 |
+----------------------+---------------------+------+------+----------+---------+-----------+----------+---------+---------+----------+---------+-----------+----------+---------+---------+-------+